1 -57 51 5 -58 42 51 -67 61 65 60
1 83 100 37 47 -93 -19 -81 -92
1 2 -31 -70 -65 3 -36
1 77 -4 -20 -97 -28 40
1 -2 49 3 -90 -7 -15 58 -55
0 92 -60 22 12 50
0 71 63 19 -65 -94 86 -28
0 -78 55 -48 -80 -5 -73
0 -14 60 98 29 -2 68 21 22
0 90 -44 -75 -29 -82
0 15 0 -12 27 38 25 -5 -24 52
0 77 -21 -48 38 8
0 -40 -12 76
0 48 -41 -87 23
0 -71 64 20 66 -81 29 58
0 -42 50 -66
0 53 11 33 11 36 41 -71 -100 66
0 18 87 2 22 -41 64
0 29 73 6 1 -9
0 -81 -81 -59 -8 -5 67 -56 17 -75 -81
0 74 93 -6 5 32
0 -38 52 -65 -29 66 98 17
0 -38 -24 -35 75 60 38 -15 46
0 79 50 23 54 -8 -11 1
0 86 -92 48 39 30 -68 58 -35 5
